(-4, 4.67)  (-14, 6.56)  (-14, 11.86)  (-14, 18.86)  (-14, 9.57)  (-14, 12.76)  (-14, 26.71)  (-14, 23.37)  (-14, 19.27)  
(-5, 9.3)  (-1, 2.75)  (-5, 10.42)  (-5, 18.44)  (-5, 9.46)  (-5, 12.76)  (-5, 26.5)  (-5, 23.59)  (-5, 19.54)  
(-8, 8.17)  (-8, 5.81)  (-2, 4.64)  (-8, 17.14)  (-8, 9.09)  (-8, 12.29)  (-8, 26.57)  (-8, 23.3)  (-8, 19.08)  
(-9, 11.23)  (-9, 7.57)  (-9, 10.5)  (-2, 6.19)  (-9, 6.47)  (-9, 10.13)  (-9, 26.04)  (-9, 22.98)  (-9, 18.94)  
(-11, 12.4)  (-11, 8.24)  (-11, 12.77)  (-11, 15.05)  (-3, 3.21)  (-11, 9.84)  (-11, 26.13)  (-11, 23.11)  (-11, 18.84)  
(-12, 12.41)  (-12, 8.28)  (-12, 12.95)  (-12, 15.52)  (-12, 7.25)  (-3, 4.58)  (-12, 25.26)  (-12, 22.68)  (-12, 18.47)  
(-6, 12.81)  (-6, 8.45)  (-6, 13.63)  (-6, 18.18)  (-6, 8.98)  (-6, 10.42)  (-1, 6.34)  (-6, 10.31)  (-6, 9.2)  
(-12, 12.86)  (-12, 8.48)  (-12, 13.67)  (-12, 18.83)  (-12, 9.22)  (-12, 11.37)  (-12, 14.33)  (-3, 6.25)  (-12, 10.41)  
(-8, 12.92)  (-8, 8.53)  (-8, 13.78)  (-8, 18.89)  (-8, 9.52)  (-8, 11.99)  (-8, 19.49)  (-8, 16.21)  (-2, 6.3)  
(-4, 4.67)  (-14, 6.56)  (-14, 11.86)  (-14, 18.86)  (-14, 9.57)  (-14, 12.76)  (-14, 26.71)  (-14, 23.37)  (-14, 19.27)  
(-5, 9.3)  (-1, 2.75)  (-5, 10.42)  (-5, 18.44)  (-5, 9.46)  (-5, 12.76)  (-5, 26.5)  (-5, 23.59)  (-5, 19.54)  
(-8, 8.17)  (-8, 5.81)  (-2, 4.64)  (-8, 17.14)  (-8, 9.09)  (-8, 12.29)  (-8, 26.57)  (-8, 23.3)  (-8, 19.08)  
(-9, 11.23)  (-9, 7.57)  (-9, 10.5)  (-2, 6.19)  (-9, 6.47)  (-9, 10.13)  (-9, 26.04)  (-9, 22.98)  (-9, 18.94)  
(-11, 12.4)  (-11, 8.24)  (-11, 12.77)  (-11, 15.05)  (-3, 3.21)  (-11, 9.84)  (-11, 26.13)  (-11, 23.11)  (-11, 18.84)  
(-12, 12.41)  (-12, 8.28)  (-12, 12.95)  (-12, 15.52)  (-12, 7.25)  (-3, 4.58)  (-12, 25.26)  (-12, 22.68)  (-12, 18.47)  
(-6, 12.81)  (-6, 8.45)  (-6, 13.63)  (-6, 18.18)  (-6, 8.98)  (-6, 10.42)  (-1, 6.34)  (-6, 10.31)  (-6, 9.2)  
(-12, 12.86)  (-12, 8.48)  (-12, 13.67)  (-12, 18.83)  (-12, 9.22)  (-12, 11.37)  (-12, 14.33)  (-3, 6.25)  (-12, 10.41)  
(-8, 12.92)  (-8, 8.53)  (-8, 13.78)  (-8, 18.89)  (-8, 9.52)  (-8, 11.99)  (-8, 19.49)  (-8, 16.21)  (-2, 6.3)  
